279
23 -27 24 -15
23 -27 28 -33
23 -27 21 -17
11 -7 11 -8
11 -7 12 -11
11 -7 17 -4
-48 3 -44 1
-48 3 -52 -3
-48 3 -48 12
35 7 31 11
35 7 32 5
35 7 28 7
-17 -10 -16 -12
-17 -10 -14 -9
-17 -10 -12 -15
8 53 6 55
8 53 10 58
8 53 4 51
3 24 12 24
3 24 3 38
3 24 5 15
-10 24 -15 20
-10 24 -14 33
-10 24 -19 30
36 32 39 25
36 32 44 37
36 32 42 20
-14 33 -10 37
-14 33 -19 30
49 -12 35 -12
49 -12 33 -3
49 -12 56 5
-52 -3 -52 -12
-52 -3 -44 1
-36 15 -34 15
-36 15 -32 13
-36 15 -36 21
-28 -5 -27 -6
-28 -5 -33 -8
-28 -5 -23 -2
-6 54 -7 56
-6 54 -4 60
-6 54 -15 56
-15 52 -15 56
-15 52 -7 56
-15 52 -16 44
-26 -23 -24 -25
-26 -23 -25 -25
-26 -23 -29 -19
-4 60 -7 56
-4 60 3 57
7 57 6 55
7 57 3 57
7 57 8 53
-7 56 -15 56
-27 21 -27 22
-27 21 -27 23
-27 21 -25 21
-44 1 -34 7
-44 1 -34 2
-41 -25 -35 -23
-41 -25 -31 -24
-41 -25 -37 -13
1 -14 -1 -12
1 -14 -4 -17
1 -14 -7 -19
14 58 15 54
14 58 10 58
14 58 8 53
3 0 6 0
3 0 -1 4
3 0 11 -7
-13 -20 -11 -18
-13 -20 -12 -15
-13 -20 -7 -19
-40 34 -33 37
-40 34 -38 25
-40 34 -34 28
-11 -26 -9 -24
-11 -26 -6 -25
-11 -26 -13 -20
4 -26 -3 -24
4 -26 11 -33
4 -26 2 -35
-12 -15 -11 -18
-12 -15 -16 -12
24 -15 21 -17
24 -15 27 -16
29 12 31 11
29 12 28 7
29 12 35 7
-48 14 -48 12
-48 14 -50 16
-48 14 -51 17
10 33 11 37
10 33 11 38
10 33 3 38
-37 -7 -33 -8
-37 -7 -37 -13
-37 -7 -34 2
12 -11 11 -8
12 -11 16 -10
28 -33 33 -34
28 -33 32 -27
-34 28 -38 25
-34 28 -36 21
-34 7 -34 2
-34 7 -34 2
-34 7 -32 13
-34 2 -34 2
21 11 20 11
21 11 17 15
21 11 29 12
-33 37 -29 36
-33 37 -27 38
41 15 45 11
41 15 42 20
41 15 48 17
44 37 39 25
44 37 42 20
-24 -25 -25 -25
-24 -25 -20 -25
-23 -2 -24 2
-23 -2 -22 4
-23 -2 -27 -6
-34 2 -37 -7
18 -40 9 -34
18 -40 28 -33
18 -40 11 -33
-3 -24 -6 -25
-3 -24 -9 -24
-27 23 -27 22
-27 23 -25 21
3 38 4 38
3 38 -3 43
-31 -24 -35 -23
-31 -24 -26 -23
-31 -24 -25 -25
-18 -50 -17 -39
-18 -50 -15 -56
-18 -50 -15 -37
17 -4 11 -8
17 -4 16 -10
33 18 29 12
33 18 31 11
33 18 42 20
-3 -46 -4 -46
-3 -46 5 -42
-3 -46 2 -35
16 -10 11 -7
6 55 3 57
33 -3 29 -6
33 -3 35 -12
33 -3 32 5
-25 21 -27 22
47 7 45 11
47 7 56 5
47 7 48 17
9 -34 11 -33
9 -34 2 -35
9 -34 5 -42
-48 12 -51 17
-48 12 -50 16
56 5 48 17
56 5 45 11
35 -12 27 -16
35 -12 29 -6
27 4 28 7
27 4 32 5
27 4 35 7
-22 4 -24 2
-22 4 -17 3
-19 30 -27 23
-19 30 -25 21
6 0 -1 4
6 0 10 8
-9 -24 -6 -25
-17 -39 -17 -36
-17 -39 -15 -37
4 51 6 55
4 51 3 57
54 24 48 17
54 24 42 20
54 24 45 11
-24 2 -17 3
-7 -19 -11 -18
-7 -19 -4 -17
-26 47 -24 40
-26 47 -27 38
-26 47 -16 44
-52 27 -44 24
-52 27 -51 17
-52 27 -50 16
23 45 14 40
23 45 11 38
23 45 11 37
-16 44 -24 40
-16 44 -10 37
45 11 48 17
-1 -12 -4 -17
-1 -12 -7 -19
-33 -8 -27 -6
11 -33 5 -42
10 8 17 15
10 8 20 11
10 8 21 11
-17 -36 -15 -37
-17 -36 -18 -50
42 20 39 25
42 20 48 17
-40 14 -36 15
-40 14 -34 15
-40 14 -36 21
-31 -19 -29 -19
-31 -19 -26 -23
-31 -19 -31 -24
-1 4 -8 -5
-15 20 -25 21
-15 20 -19 30
-3 43 4 38
-3 43 -10 37
31 11 28 7
11 38 11 37
11 38 14 40
21 -17 27 -16
-37 -13 -33 -8
-37 -13 -31 -19
33 -34 32 -27
33 -34 23 -27
-36 21 -38 25
-36 21 -34 15
-29 -19 -31 -24
-34 15 -32 13
-16 -12 -14 -9
-32 13 -26 15
-52 -12 -41 -25
-52 -12 -37 -13
-51 17 -50 16
14 40 11 37
14 40 10 33
-35 -23 -31 -19
-14 -9 -12 -3
2 -35 5 -42
-44 24 -38 25
-44 24 -36 21
32 5 28 7
-17 3 -12 -3
-15 -56 -17 -39
-15 -56 -4 -46
29 -6 27 -16
5 15 10 8
5 15 12 24
20 11 17 15
20 11 29 12
14 -22 21 -17
14 -22 4 -26
14 -22 12 -11
-26 15 -27 21
-26 15 -27 11
12 24 10 33
-4 -46 5 -42
-4 -46 2 -35
-20 -25 -25 -25
-20 -25 -26 -23
-27 11 -32 13
-27 11 -22 4
-4 -17 -3 -24
39 25 41 15
-8 -5 -12 -3
-8 -5 -14 -9
-8 -5 -1 -12
-29 36 -27 38
-29 36 -24 40
-27 38 -24 40
4 38 10 33
10 58 6 55
15 54 10 58
15 54 8 53
32 -27 23 -27
