372
15 2 16 10
15 2 14 -7
15 2 23 1
15 2 5 4
37 50 38 51
37 50 31 50
37 50 33 40
37 50 20 51
-42 -26 -38 -30
-42 -26 -36 -22
-42 -26 -34 -14
-42 -26 -34 -13
-3 2 -4 8
-3 2 -10 1
-3 2 0 -5
-3 2 5 4
30 0 23 1
30 0 24 -2
30 0 36 7
30 0 23 -7
8 -16 5 -21
8 -16 12 -8
8 -16 18 -16
8 -16 14 -22
8 48 4 50
8 48 0 49
8 48 4 53
8 48 10 39
22 -31 21 -29
22 -31 18 -27
22 -31 23 -17
22 -31 14 -22
38 51 31 50
38 51 33 40
38 51 20 51
-6 -37 -4 -35
-6 -37 -4 -43
-6 -37 -7 -43
-6 -37 3 -33
10 39 5 38
10 39 14 31
10 39 20 37
-25 22 -25 19
-25 22 -23 25
-25 22 -19 26
-25 22 -34 25
16 10 18 17
16 10 9 11
16 10 17 20
14 31 20 35
14 31 20 37
14 31 22 29
6 -47 3 -33
6 -47 -4 -35
6 -47 -4 -43
6 -47 -6 -37
-8 48 -9 41
-8 48 0 49
-8 48 4 50
-8 48 -4 40
54 -24 56 -25
54 -24 53 -20
54 -24 58 -24
54 -24 48 -21
7 -26 5 -27
7 -26 10 -28
7 -26 5 -24
7 -26 5 -21
23 -17 22 -13
23 -17 18 -16
23 -17 31 -16
23 -17 23 -7
-36 13 -34 18
-36 13 -42 7
-36 13 -25 19
-36 13 -32 3
19 53 20 51
19 53 18 56
19 53 15 55
19 53 24 57
-20 -19 -25 -13
-20 -19 -11 -22
-20 -19 -15 -29
-20 -19 -34 -14
15 55 18 56
15 55 24 57
15 55 20 51
-34 -10 -34 -13
-34 -10 -34 -14
-34 -10 -29 -10
-34 -10 -41 -8
48 -21 53 -20
48 -21 50 -13
48 -21 56 -25
36 7 39 12
36 7 36 12
36 7 29 10
-13 -1 -10 1
-13 -1 -13 6
-13 -1 -10 8
-13 -1 -8 -9
10 -28 5 -27
10 -28 5 -24
10 -28 14 -22
-10 1 -13 6
-10 1 -4 8
-35 39 -37 26
-35 39 -34 25
-35 39 -24 43
-35 39 -43 26
-19 26 -23 25
-19 26 -13 24
-19 26 -25 19
46 27 43 24
46 27 54 21
46 27 48 16
46 27 41 36
-38 -30 -36 -22
-38 -30 -28 -38
-38 -30 -34 -14
-4 8 -10 8
-4 8 -13 6
-8 -44 -7 -43
-8 -44 -4 -43
-8 -44 -6 -37
-8 -44 -4 -35
36 12 39 12
36 12 31 13
36 12 29 10
-44 -8 -41 -8
-44 -8 -34 -10
-44 -8 -34 -13
-44 -8 -34 -14
55 -32 55 -32
55 -32 54 -33
55 -32 53 -31
55 -32 54 -24
18 17 17 20
18 17 26 14
18 17 27 17
42 -31 41 -37
42 -31 37 -22
42 -31 54 -33
42 -31 55 -32
-7 -43 -4 -43
-7 -43 -4 -35
-24 -5 -24 0
-24 -5 -25 -13
-24 -5 -29 -10
-24 -5 -13 -1
-24 43 -8 48
-24 43 -9 41
-24 43 -19 26
52 -1 52 -6
52 -1 54 2
52 -1 45 -5
52 -1 56 -2
41 36 33 40
41 36 29 34
41 36 43 24
23 1 24 -2
23 1 23 -7
1 22 1 38
1 22 5 38
1 22 -13 24
1 22 17 20
56 -25 58 -24
56 -25 53 -20
56 -25 53 -31
-11 -22 -15 -29
-11 -22 -4 -10
-11 -22 -8 -9
-28 -38 -8 -44
-28 -38 -15 -29
-28 -38 -36 -22
-37 26 -34 25
-37 26 -43 26
-37 26 -34 18
-37 26 -25 19
53 -20 58 -24
5 4 9 11
5 4 -4 8
33 -46 32 -44
33 -46 31 -45
33 -46 37 -47
33 -46 29 -51
-25 19 -23 25
-25 19 -34 18
-25 19 -34 25
0 49 4 50
0 49 4 53
29 -51 31 -52
29 -51 31 -45
29 -51 32 -44
5 -21 5 -24
5 -21 5 -27
55 4 54 2
55 4 52 -1
55 4 52 -6
55 4 56 -2
-34 -14 -34 -13
-34 -14 -29 -10
-34 -14 -36 -22
23 -51 29 -51
23 -51 24 -43
23 -51 31 -52
23 -51 31 -45
-9 41 -4 40
-9 41 -8 35
-9 41 1 38
-43 26 -34 25
-43 26 -34 18
-43 26 -42 7
28 28 29 29
28 28 27 32
28 28 29 34
28 28 22 29
37 -47 40 -46
37 -47 36 -50
37 -47 32 -44
5 38 1 38
5 38 -4 40
5 38 4 50
24 57 18 56
24 57 20 51
40 -46 36 -50
40 -46 33 -46
40 -46 32 -44
14 -7 12 -8
14 -7 22 -13
14 -7 8 -16
3 -33 -4 -35
3 -33 5 -27
3 -33 7 -26
3 -33 10 -28
31 -45 32 -44
31 -45 37 -47
48 16 47 10
48 16 54 21
48 16 43 24
48 16 39 12
29 18 27 17
29 18 26 14
29 18 31 13
29 18 36 12
55 -32 54 -33
55 -32 53 -31
55 -32 54 -24
-43 3 -42 7
-43 3 -32 3
-43 3 -52 7
-43 3 -36 13
21 -29 18 -27
21 -29 14 -22
21 -29 10 -28
31 50 33 40
31 50 20 51
5 -27 5 -24
20 37 20 35
20 37 22 29
-32 3 -24 0
-32 3 -42 7
27 32 29 34
27 32 29 29
27 32 22 29
37 -22 31 -16
37 -22 48 -21
37 -22 53 -20
-23 9 -19 10
-23 9 -19 9
-23 9 -24 0
-23 9 -25 19
-19 9 -19 10
-19 9 -13 6
-19 9 -24 0
29 29 29 34
29 29 22 29
-4 -10 -8 -9
-4 -10 0 -5
-4 -10 -3 2
-4 -10 -10 1
9 11 15 2
9 11 18 17
56 -2 52 -6
56 -2 54 2
31 -16 22 -13
31 -16 23 -7
18 -16 14 -22
18 -16 22 -13
22 29 29 34
-19 10 -13 6
-19 10 -24 0
31 -52 36 -54
31 -52 36 -50
31 -52 31 -45
1 38 -4 40
1 38 -8 35
-34 -13 -29 -10
-34 -13 -36 -22
-4 -35 -4 -43
-15 -29 -4 -35
-15 -29 -6 -37
54 -33 53 -31
54 -33 54 -24
54 21 43 24
54 21 47 10
27 17 26 14
27 17 31 13
27 17 28 28
39 12 47 10
39 12 29 10
-41 -8 -34 -13
-41 -8 -34 -14
17 20 27 17
17 20 22 29
52 -6 45 -5
52 -6 54 2
-13 6 -10 8
22 -13 23 -7
22 -13 24 -2
-52 7 -42 7
-52 7 -36 13
-52 7 -43 26
0 -5 -8 -9
0 -5 -4 8
-23 25 -13 24
31 13 29 10
31 13 26 14
33 40 29 34
33 40 27 32
24 -2 23 -7
14 -22 18 -27
14 -22 7 -26
-8 35 -4 40
-8 35 5 38
24 -43 31 -45
24 -43 32 -44
24 -43 29 -51
-34 25 -34 18
26 14 29 10
58 -24 53 -31
50 -13 53 -20
50 -13 52 -6
50 -13 45 -5
47 10 36 12
47 10 45 -5
-8 -9 -10 1
45 -5 54 2
4 53 4 50
4 53 5 38
43 24 29 18
18 56 20 51
36 -54 36 -50
36 -54 29 -51
36 -54 37 -47
41 -37 54 -33
41 -37 55 -32
41 -37 40 -46
36 -50 33 -46
36 -50 29 -51
-29 -10 -25 -13
20 35 22 29
20 35 27 32
18 -27 10 -28
-10 8 -19 10
-10 8 -3 2
-25 -13 -34 -13
53 -31 54 -24
-13 24 -25 22
-13 24 -8 35
12 -8 15 2
12 -8 18 -16
