463
52 -16 52 -19
52 -16 51 -12
52 -16 48 -22
52 -16 57 -20
52 -16 56 -26
18 29 15 30
18 29 16 33
18 29 17 36
18 29 22 23
18 29 27 29
-27 29 -29 34
-27 29 -34 23
-27 29 -26 21
-27 29 -29 35
-27 29 -24 40
36 38 31 46
36 38 41 31
36 38 25 37
36 38 31 28
36 38 36 29
-25 -8 -24 -4
-25 -8 -24 -12
-25 -8 -30 -10
-25 -8 -26 0
-25 -8 -26 2
41 -15 39 -11
41 -15 39 -21
41 -15 44 -8
41 -15 35 -12
41 -15 48 -22
-24 -4 -26 0
-24 -4 -26 2
-24 -4 -24 -12
-24 -4 -14 -6
-1 -41 0 -35
-1 -41 -6 -44
-1 -41 -9 -43
-1 -41 -2 -48
-1 -41 -9 -38
13 56 17 52
13 56 17 52
13 56 18 52
13 56 14 49
13 56 9 50
16 33 17 36
16 33 15 30
16 33 14 42
16 33 6 32
-34 11 -36 6
-34 11 -35 15
-34 11 -30 8
-34 11 -40 9
-34 11 -32 -1
34 24 31 28
34 24 36 29
34 24 27 29
34 24 42 19
34 24 41 31
-14 -6 -12 -10
-14 -6 -12 2
-14 -6 -25 -8
-14 -6 -26 0
-36 -24 -30 -27
-36 -24 -30 -32
-36 -24 -22 -26
-36 -24 -30 -10
-36 -24 -24 -12
13 -13 9 -17
13 -13 10 -6
13 -13 21 -11
13 -13 17 -19
13 -13 2 -13
-2 -14 1 -15
-2 -14 -7 -15
-2 -14 2 -13
-2 -14 -9 -21
-2 -14 9 -17
-30 -27 -30 -32
-30 -27 -22 -26
-30 -27 -22 -30
-30 -27 -27 -37
-14 -36 -12 -38
-14 -36 -8 -36
-14 -36 -9 -38
-14 -36 -7 -34
-14 -36 -9 -43
-29 35 -29 34
-29 35 -24 40
-29 35 -18 40
-29 35 -41 38
14 8 22 7
14 8 9 3
14 8 10 0
14 8 11 16
14 8 20 1
31 46 20 46
31 46 25 37
31 46 31 28
31 46 18 52
44 -8 39 -11
44 -8 35 -12
44 -8 39 -21
44 -8 51 -12
-32 -1 -32 -1
-32 -1 -26 0
-32 -1 -36 6
-32 -1 -24 -4
18 52 17 52
18 52 17 52
18 52 20 46
18 52 14 49
-1 34 2 31
-1 34 6 32
-1 34 6 35
-1 34 -2 44
-1 34 -11 40
-9 -43 -6 -44
-9 -43 -9 -38
-9 -43 -12 -38
-9 -43 -8 -36
-24 -12 -30 -10
-24 -12 -26 0
-24 -12 -14 -6
-7 -15 1 -15
-7 -15 -9 -21
-7 -15 -12 -10
-7 -15 2 -13
22 7 25 4
22 7 20 1
22 7 22 -1
22 7 29 3
41 31 45 33
41 31 46 32
41 31 46 24
41 31 36 29
41 31 31 28
15 30 17 36
15 30 6 32
15 30 22 23
18 19 22 23
18 19 11 16
18 19 18 29
18 19 15 30
18 19 22 7
-29 34 -24 40
-29 34 -18 40
-29 34 -34 23
33 5 38 5
33 5 29 3
33 5 25 4
33 5 42 5
33 5 44 9
-34 23 -36 25
-34 23 -34 20
-34 23 -36 27
-34 23 -38 21
-34 23 -26 21
-7 -34 -8 -36
-7 -34 -9 -38
-7 -34 -12 -38
-7 -34 0 -35
-12 -38 -9 -38
-12 -38 -8 -36
-11 40 -2 44
-11 40 -18 40
-11 40 -8 48
-11 40 -19 45
-11 40 -13 49
0 -35 -8 -36
0 -35 -9 -38
0 -35 -12 -38
10 -6 7 -5
10 -6 10 0
10 -6 2 -13
10 -6 9 -17
14 49 17 52
14 49 17 52
14 49 20 46
14 49 9 50
-24 40 -18 40
-24 40 -19 45
-6 -44 -2 -48
-6 -44 -9 -38
-6 -44 -8 -36
46 24 42 19
46 24 46 32
46 24 45 33
46 24 36 29
-12 2 -12 9
-12 2 -12 -10
-12 2 -19 12
-12 2 -2 0
56 -26 57 -20
56 -26 52 -19
56 -26 48 -22
56 -26 51 -12
57 -20 52 -19
57 -20 48 -22
57 -20 51 -12
-35 15 -42 16
-35 15 -34 20
-35 15 -40 9
-35 15 -38 21
46 32 45 33
46 32 36 29
46 32 42 19
-30 -10 -32 -1
-30 -10 -32 -1
-30 -10 -24 -4
25 37 17 36
25 37 20 46
25 37 14 42
25 37 31 28
-10 24 -6 23
-10 24 -13 27
-10 24 -6 15
-10 24 -22 21
-10 24 -12 9
22 23 27 29
22 23 31 28
41 -34 38 -38
41 -34 38 -25
41 -34 27 -36
41 -34 48 -22
41 -34 39 -21
17 36 14 42
17 36 20 46
-32 -1 -26 0
-32 -1 -36 6
-32 -1 -34 11
-32 -1 -24 -4
-22 21 -26 21
-22 21 -19 12
-22 21 -29 18
-22 21 -27 29
-22 21 -34 23
38 5 42 5
38 5 44 9
38 5 29 3
38 5 25 4
6 32 2 31
6 32 6 35
6 32 9 38
10 0 9 3
10 0 7 -5
10 0 22 -1
-8 48 -2 44
-8 48 -3 49
-8 48 -13 49
-8 48 -19 45
30 -9 28 -9
30 -9 35 -12
30 -9 30 -18
30 -9 39 -11
30 -9 41 -15
38 -25 39 -21
38 -25 32 -25
38 -25 41 -15
38 -25 48 -22
-27 -37 -30 -32
-27 -37 -22 -30
-27 -37 -22 -26
-27 -37 -14 -36
-22 -26 -22 -30
-22 -26 -30 -32
-22 -26 -12 -24
56 13 57 13
56 13 52 9
56 13 61 11
56 13 42 19
56 13 44 9
-26 0 -26 2
9 3 -2 0
9 3 7 -5
9 3 10 -6
-12 -10 -2 -14
-12 -10 -12 -24
17 52 17 52
17 52 20 46
-36 6 -30 8
-36 6 -40 9
11 16 18 29
11 16 15 30
11 16 22 23
39 -11 35 -12
39 -11 39 -21
4 44 -2 44
4 44 9 50
4 44 9 38
4 44 14 42
4 44 6 35
-34 20 -38 21
-34 20 -36 25
-34 20 -29 18
35 -12 28 -9
-36 27 -36 25
-36 27 -38 21
-36 27 -34 20
-36 27 -27 29
-36 25 -38 21
-36 25 -26 21
51 -12 52 -19
51 -12 48 -22
51 -12 41 -15
20 1 22 -1
20 1 25 4
20 1 29 3
45 33 36 29
45 33 42 19
21 -11 21 -6
21 -11 28 -9
21 -11 30 -9
21 -11 30 -18
-52 -4 -51 1
-52 -4 -36 6
-52 -4 -40 9
-52 -4 -32 -1
-52 -4 -32 -1
14 42 20 46
14 42 14 49
14 42 9 38
-26 2 -30 8
-26 2 -32 -1
20 -32 16 -37
20 -32 27 -36
20 -32 17 -19
20 -32 9 -25
20 -32 32 -25
-6 15 -12 9
-6 15 -6 23
-6 15 -19 12
-6 15 -12 2
-2 -54 -2 -48
-2 -54 -6 -44
-2 -54 -1 -41
-2 -54 -9 -43
-2 -54 -9 -38
-30 8 -35 15
-30 8 -32 -1
9 -25 9 -17
9 -25 17 -19
9 -25 13 -13
9 -25 0 -35
16 -37 27 -36
16 -37 0 -35
16 -37 9 -25
16 -37 13 -50
-29 18 -26 21
-29 18 -34 23
-29 18 -35 15
-12 9 -19 12
-12 9 -22 21
-12 9 -30 8
2 31 6 35
2 31 9 38
2 31 -6 23
-9 -38 -8 -36
9 50 14 42
9 50 20 46
1 -15 2 -13
1 -15 9 -17
1 -15 7 -5
9 -17 2 -13
9 -17 17 -19
27 -36 38 -38
27 -36 32 -25
-2 -48 -9 -43
-2 -48 -9 -38
-26 21 -34 20
39 -21 48 -22
39 -21 32 -25
17 -19 30 -18
17 -19 21 -11
22 -1 21 -6
22 -1 25 4
22 -1 29 3
61 11 57 13
61 11 52 9
61 11 44 9
61 11 42 19
29 3 25 4
6 35 9 38
27 29 31 28
27 29 36 29
42 5 44 9
42 5 44 -8
42 5 39 -11
2 -13 7 -5
-3 49 -2 44
-3 49 4 44
-3 49 9 50
-3 49 -1 34
31 28 36 29
-40 9 -42 16
-40 9 -38 21
21 -6 28 -9
21 -6 20 1
21 -6 13 -13
57 13 52 9
57 13 42 19
57 13 44 9
28 -9 30 -18
-42 16 -38 21
-42 16 -34 11
-42 16 -36 6
-46 31 -41 38
-46 31 -36 27
-46 31 -38 21
-46 31 -36 25
-46 31 -34 23
9 38 17 36
-19 45 -18 40
-19 45 -13 49
20 46 17 52
13 -50 -1 -41
13 -50 -2 -48
13 -50 -2 -54
13 -50 20 -32
-30 -32 -22 -30
-41 38 -36 27
-41 38 -29 34
-41 38 -36 25
-33 44 -24 40
-33 44 -29 35
-33 44 -29 34
-33 44 -41 38
-33 44 -19 45
-19 12 -30 8
-19 12 -29 18
7 -5 9 -17
-13 27 -6 23
-13 27 -22 21
-13 27 -6 15
-13 27 -27 29
-6 23 -1 34
52 9 44 9
52 9 42 19
32 -25 30 -18
32 -25 35 -12
32 -25 41 -15
-51 1 -36 6
-51 1 -40 9
-51 1 -42 16
-51 1 -32 -1
52 -19 48 -22
30 -18 35 -12
30 -18 39 -21
42 19 44 9
42 19 41 31
-2 0 2 -13
-2 0 7 -5
-2 0 -14 -6
-12 -24 -9 -21
-12 -24 -7 -15
-12 -24 -14 -36
-22 -30 -14 -36
38 -38 38 -25
38 -38 39 -21
38 -38 32 -25
-13 49 -18 40
-13 49 -2 44
-9 -21 1 -15
-9 -21 -12 -10
