149
41 38 41 38
-16 5 -16 4
20 -28 18 -28
-2 -45 -3 -45
-24 -11 -25 -10
48 -9 46 -9
28 -42 26 -42
6 26 5 28
-28 47 -27 48
20 -6 21 -4
38 -14 39 -15
16 16 18 15
-35 34 -38 34
-12 36 -10 38
13 -3 11 -3
23 -23 22 -21
-38 34 -38 37
8 44 9 45
35 1 37 -3
-1 -21 1 -19
-1 -21 -1 -25
-4 -43 -3 -45
-30 35 -32 31
-12 -5 -14 -2
6 -27 4 -27
32 8 33 6
-15 41 -13 39
22 21 18 20
-21 -24 -20 -20
15 41 15 37
-41 3 -38 1
12 -8 15 -12
22 17 18 15
14 22 14 20
-10 31 -6 31
-38 1 -35 1
-23 -23 -21 -24
48 -9 48 -12
40 14 42 9
23 -23 24 -26
-35 34 -30 35
28 -42 27 -38
-18 39 -13 39
20 -28 24 -26
40 14 39 18
18 20 18 15
38 -14 33 -14
16 16 13 14
-13 29 -10 31
41 38 42 33
40 22 39 18
26 -42 24 -48
31 2 33 6
6 -27 10 -25
-11 44 -18 45
16 16 14 20
35 1 31 2
-38 34 -38 30
24 -48 20 -44
1 41 -2 39
-10 31 -12 36
-28 12 -28 17
-15 41 -18 45
22 21 27 19
-30 -43 -26 -44
12 -8 13 -3
-12 36 -13 39
13 -31 18 -28
-10 -1 -16 4
-10 -1 -14 -2
26 15 27 19
-11 -19 -11 -23
4 -27 -1 -25
-26 -44 -23 -39
39 2 35 1
-41 3 -44 0
-17 51 -18 45
-12 11 -16 4
-11 -19 -8 -14
-32 -39 -30 -43
20 -6 15 -12
-10 38 -8 42
31 27 25 29
4 -27 0 -33
-2 -45 2 -39
16 8 22 7
26 -4 21 -4
10 33 15 37
10 33 16 28
-13 29 -17 27
26 15 32 8
2 -39 0 -33
-32 31 -26 28
50 -2 48 -9
15 41 8 44
16 8 18 15
13 -45 20 -44
39 -15 42 -21
48 -18 42 -21
32 -29 24 -26
-8 42 -2 39
14 22 16 28
10 33 5 28
-17 27 -26 28
-2 -45 5 -50
-17 20 -17 27
7 9 3 3
8 56 9 45
-15 -40 -23 -39
1 19 6 26
-38 37 -42 44
8 56 2 55
-11 -19 -20 -20
-16 -54 -13 -55
41 38 39 45
26 -4 31 2
7 9 13 14
-18 45 -27 48
-1 -21 -11 -23
-5 -53 -3 -45
2 55 -4 52
-51 6 -44 0
-8 42 -4 52
6 -27 13 -31
27 -38 32 -29
32 8 40 14
22 21 31 27
48 -18 48 -12
51 21 40 22
-58 4 -51 6
-17 20 -12 11
42 33 40 22
-15 -40 -10 -48
-43 -21 -38 -18
-10 -48 -3 -45
-24 -11 -20 -20
-38 -27 -43 -21
-5 -53 -13 -55
5 -50 2 -60
-51 -25 -43 -21
50 -2 39 2
-17 20 -28 17
13 -45 15 -57
-8 -14 -12 -5
-28 12 -35 1
-57 -4 -44 0
-51 -15 -44 0
25 29 31 41
-43 -21 -51 -15
