149
3 -6 4 -5
0 -5 3 -6
-2 -6 0 -5
-6 -3 -2 -6
-11 -1 -6 -3
-13 -1 -11 -1
-13 -2 -13 -1
-15 6 -13 -2
-16 10 -15 6
-15 14 -16 10
-10 18 -15 14
-7 22 -10 18
-16 23 -7 22
14 -9 4 -5
15 -10 14 -9
13 -18 15 -10
5 -20 13 -18
3 -25 5 -20
-1 -22 3 -25
4 -17 -1 -22
-10 -17 4 -17
-13 -18 -10 -17
-10 -21 -13 -18
-15 -26 -10 -21
-14 -29 -15 -26
-23 -27 -14 -29
14 7 4 -5
13 11 14 7
14 17 13 11
16 19 14 17
3 14 16 19
18 -2 4 -5
25 0 18 -2
23 5 25 0
29 -9 23 5
37 -14 29 -9
38 -3 37 -14
46 -6 38 -3
51 -10 46 -6
50 -15 51 -10
52 -16 50 -15
53 -17 52 -16
60 -7 53 -17
-1 37 3 14
2 48 -1 37
3 56 2 48
5 63 3 56
1 63 5 63
-5 62 1 63
-10 60 -5 62
-13 54 -10 60
14 -26 4 -5
17 -27 14 -26
18 -26 17 -27
19 -27 18 -26
30 -23 19 -27
35 -30 30 -23
38 -27 35 -30
32 -34 38 -27
14 -37 32 -34
9 -36 14 -37
11 -44 9 -36
5 -48 11 -44
4 -42 5 -48
-22 1 4 -5
-33 3 -22 1
-33 6 -33 3
-30 9 -33 6
-30 9 -30 9
-23 19 -30 9
-29 18 -23 19
-30 16 -29 18
-34 20 -30 16
-37 21 -34 20
-39 20 -37 21
-40 23 -39 20
-45 19 -40 23
-3 -32 4 -5
-1 -36 -3 -32
-6 -41 -1 -36
-5 -41 -6 -41
2 -44 -5 -41
-14 -49 2 -44
-14 -49 -14 -49
-12 -55 -14 -49
-8 -54 -12 -55
-27 -45 -8 -54
-33 -39 -27 -45
-36 -27 -33 -39
-34 -25 -36 -27
-26 -16 4 -5
-32 -13 -26 -16
-37 -5 -32 -13
-45 -3 -37 -5
-47 1 -45 -3
-50 5 -47 1
-50 4 -50 5
-50 -9 -50 4
-52 -10 -50 -9
-46 -12 -52 -10
-42 -15 -46 -12
-40 -21 -42 -15
-47 -26 -40 -21
46 13 60 -7
19 33 4 -5
22 38 19 33
21 42 22 38
20 43 21 42
21 44 20 43
21 48 21 44
19 48 21 48
11 45 19 48
9 45 11 45
-6 47 9 45
-6 50 -6 47
-11 45 -6 50
-16 42 -11 45
36 19 4 -5
40 23 36 19
46 26 40 23
55 20 46 26
56 21 55 20
47 16 56 21
30 32 47 16
34 38 30 32
33 38 34 38
33 40 33 38
33 43 33 40
29 43 33 43
26 44 29 43
26 38 4 -5
27 39 26 38
11 63 27 39
-20 42 11 63
-24 49 -20 42
-36 49 -24 49
-38 40 -36 49
-39 41 -38 40
-35 41 -39 41
-29 32 -35 41
-25 29 -29 32
-24 27 -25 29
-33 26 -24 27
-33 28 4 -5
-45 17 -33 28
-50 -18 -45 17
-49 -29 -50 -18
-44 -30 -49 -29
-44 -31 -44 -30
