191
-3 1 0 -1
-6 3 -3 1
-7 0 -6 3
-9 0 -7 0
-10 4 -9 0
-15 5 -10 4
-22 4 -15 5
-26 6 -22 4
-30 6 -26 6
-30 8 -30 6
-5 -3 0 -1
-8 -7 -5 -3
-12 -7 -8 -7
-18 -5 -12 -7
-38 13 -30 8
2 -10 0 -1
1 -19 2 -10
1 -21 1 -19
-5 -22 1 -21
-8 -20 -5 -22
-3 -15 -8 -20
9 -4 0 -1
14 -7 9 -4
8 -10 14 -7
15 -16 8 -10
-31 20 -38 13
-29 25 -31 20
-26 -11 -18 -5
-32 -11 -26 -11
-33 -9 -32 -11
-31 -17 -33 -9
-34 -21 -31 -17
-28 -21 -34 -21
-22 -20 -28 -21
-18 -20 -22 -20
-17 -23 -18 -20
-1 10 0 -1
3 10 -1 10
7 15 3 10
10 18 7 15
11 10 10 18
13 9 11 10
15 12 13 9
18 7 15 12
11 4 18 7
18 -6 15 -16
21 -7 18 -6
20 -3 21 -7
-7 10 0 -1
-7 14 -7 10
-16 -17 -3 -15
-15 -26 -16 -17
-25 -30 -15 -26
-24 -31 -25 -30
-29 -30 -24 -31
-32 -29 -29 -30
-41 -32 -32 -29
-2 26 -7 14
1 31 -2 26
3 38 1 31
8 43 3 38
10 41 8 43
9 36 10 41
9 37 9 36
8 28 9 37
17 24 8 28
18 29 17 24
18 34 18 29
33 -11 20 -3
34 -20 33 -11
34 -23 34 -20
35 -30 34 -23
39 -25 35 -30
40 -24 39 -25
19 19 11 4
25 18 19 19
28 14 25 18
31 24 28 14
22 -26 0 -1
28 -32 22 -26
26 -41 28 -32
29 -41 26 -41
30 -40 29 -41
32 -40 30 -40
29 -45 32 -40
23 -50 29 -45
8 -38 23 -50
7 -37 8 -38
6 -38 7 -37
6 -37 6 -38
-1 -35 6 -37
-24 23 0 -1
-22 27 -24 23
-21 25 -22 27
-17 36 -21 25
-22 40 -17 36
-28 34 -22 40
-29 37 -28 34
-37 37 -29 37
-36 22 -37 37
-39 -1 -36 22
-42 1 -39 -1
-49 2 -42 1
-44 -10 -49 2
28 -22 0 -1
40 -13 28 -22
44 -16 40 -13
42 -23 44 -16
50 -27 42 -23
50 -29 50 -27
54 -13 50 -29
52 2 54 -13
51 3 52 2
53 7 51 3
52 9 53 7
55 7 52 9
60 6 55 7
17 35 0 -1
28 37 17 35
27 33 28 37
32 33 27 33
31 29 32 33
31 28 31 29
36 26 31 28
39 25 36 26
39 22 39 25
43 18 39 22
40 14 43 18
48 9 40 14
42 1 48 9
-41 -10 0 -1
-50 -14 -41 -10
-54 -14 -50 -14
-47 -20 -54 -14
-33 -41 -47 -20
-25 -45 -33 -41
-17 -45 -25 -45
-19 -53 -17 -45
-8 -52 -19 -53
-5 -53 -8 -52
-11 -45 -5 -53
-8 -57 -11 -45
12 52 0 -1
14 54 12 52
24 48 14 54
38 40 24 48
52 27 38 40
55 27 52 27
48 23 55 27
-7 0 -12 -7
1 -21 8 -10
-2 26 7 15
27 33 24 48
-2 26 -21 25
-7 0 8 -10
-7 0 7 15
44 -16 26 -41
27 33 7 15
44 -16 8 -10
-12 -7 -54 -14
13 9 21 -7
31 28 55 27
31 28 8 43
32 -40 50 -29
31 28 13 9
-32 -11 -15 5
-3 -15 21 -7
13 9 -15 5
-32 -11 -25 -45
-28 34 -15 5
32 -40 21 -7
-34 -21 -25 -30
-30 6 -36 22
8 -38 -8 -52
51 3 39 22
-34 -21 -30 6
-8 -52 -25 -30
34 -20 51 3
34 -20 11 4
11 4 9 37
8 -38 34 -20
55 7 48 9
-18 -20 -32 -29
28 14 18 29
28 14 48 9
-31 20 -49 2
-8 -57 6 -37
-18 -20 6 -37
48 9 39 -25
6 -37 39 -25
-49 2 -32 -29
