151
20 -7 -21 11
20 -7 -21 11
20 -7 -21 11
16 -8 20 -7
-19 16 -21 11
-25 18 -19 16
-22 4 -21 11
22 -15 16 -8
22 -20 22 -15
-24 25 -25 18
-22 26 -24 25
-17 1 -22 4
-16 6 -17 1
-12 9 -16 6
-4 6 -12 9
-2 6 -4 6
-3 1 -2 6
0 2 -3 1
24 -12 20 -7
25 -13 24 -12
29 -9 25 -13
30 -7 29 -9
35 -12 30 -7
38 -14 35 -12
37 -21 38 -14
34 -21 37 -21
34 -24 34 -21
29 -18 34 -24
14 -19 22 -20
21 1 20 -7
23 6 21 1
29 2 23 6
33 7 29 2
36 8 33 7
37 13 36 8
35 20 37 13
32 16 35 20
26 12 32 16
23 14 26 12
19 14 23 14
17 19 19 14
18 26 17 19
12 -26 14 -19
11 -29 12 -26
7 -33 11 -29
2 -34 7 -33
-33 26 -22 26
-35 24 -33 26
-36 21 -35 24
-38 23 -36 21
12 -35 2 -34
16 -39 12 -35
18 -43 16 -39
22 -42 18 -43
26 -39 22 -42
-41 30 -38 23
-49 31 -41 30
9 -3 0 2
9 3 9 -3
9 6 9 3
7 8 9 6
9 12 7 8
15 2 20 -7
14 4 15 2
12 11 14 4
14 12 12 11
-2 -13 0 2
-10 -18 -2 -13
-8 -15 -10 -18
-15 -13 -8 -15
-15 -12 -15 -13
-29 -5 -21 11
-31 -5 -29 -5
-32 -7 -31 -5
-34 -3 -32 -7
-38 -4 -34 -3
-37 0 -38 -4
-44 -10 -37 0
-51 -10 -44 -10
-49 -17 -51 -10
-45 -20 -49 -17
-52 -19 -45 -20
-39 -26 -52 -19
-32 -23 -39 -26
-11 -7 0 2
-21 -7 -11 -7
-27 -12 -21 -7
-30 -19 -27 -12
-30 -24 -30 -19
-13 29 -21 11
-12 30 -13 29
-10 33 -12 30
-13 39 -10 33
-13 44 -13 39
-10 47 -13 44
-13 54 -10 47
-14 55 -13 54
-19 53 -14 55
-19 52 -19 53
-6 55 -19 52
-1 54 -6 55
4 53 -1 54
42 -3 29 -18
47 -7 42 -3
51 -7 47 -7
-50 15 -49 31
-52 -2 -50 15
-6 26 0 2
1 34 -6 26
-1 36 1 34
10 40 -1 36
11 52 10 40
-4 -23 0 2
-16 -31 -4 -23
-18 -28 -16 -31
-24 -29 -18 -28
-31 -28 -24 -29
-35 -19 -52 -2
24 36 14 12
30 33 24 36
32 29 30 33
48 24 32 29
48 24 48 24
48 22 48 24
47 19 48 22
50 19 47 19
52 8 50 19
-22 38 -21 11
53 -11 20 -7
52 -22 53 -11
48 -29 52 -22
20 -36 20 -7
24 -46 20 -36
12 -51 24 -46
7 -50 12 -51
1 -51 7 -50
2 -42 1 -51
6 -43 2 -42
-10 -39 6 -43
-15 -41 -10 -39
-22 -40 -15 -41
-26 -37 -22 -40
-28 -42 -26 -37
-38 -35 -28 -42
48 3 20 -7
51 1 48 3
52 5 51 1
56 28 52 5
41 44 56 28
7 55 -22 38
11 57 7 55
