192
-10 26 20 -13
-10 26 20 -13
-10 26 20 -13
-10 34 -10 26
-11 34 -10 34
-12 33 -11 34
-14 31 -12 33
-20 29 -14 31
-21 23 -20 29
-23 25 -21 23
-25 28 -23 25
-29 34 -25 28
-33 33 -29 34
-34 36 -33 33
-29 40 -34 36
-29 42 -29 40
13 -15 20 -13
11 -14 13 -15
8 -18 11 -14
9 -19 8 -18
12 -26 9 -19
14 -24 12 -26
19 -22 14 -24
19 -25 19 -22
-11 20 -10 26
-10 13 -11 20
-4 17 -10 13
26 -17 20 -13
35 -21 26 -17
32 -25 35 -21
35 -33 32 -25
36 -35 35 -33
9 -10 20 -13
5 -9 9 -10
-2 -9 5 -9
-3 -10 -2 -9
-4 -7 -3 -10
-2 -5 -4 -7
-5 -3 -2 -5
-7 -1 -5 -3
-9 -1 -7 -1
-6 2 -9 -1
28 -33 36 -35
-2 34 -10 26
-3 39 -2 34
-7 42 -3 39
-6 44 -7 42
-1 47 -6 44
6 23 -4 17
6 27 6 23
6 32 6 27
15 27 6 32
18 30 15 27
21 31 18 30
24 33 21 31
22 37 24 33
30 40 22 37
31 43 30 40
-15 40 -10 26
-17 40 -15 40
-18 49 -17 40
-27 46 -18 49
14 -1 20 -13
20 4 14 -1
17 10 20 4
11 9 17 10
7 9 11 9
4 7 7 9
7 -30 19 -25
9 -34 7 -30
6 -36 9 -34
13 -38 6 -36
20 -45 13 -38
43 -31 28 -33
43 -32 43 -31
45 -24 43 -32
-20 14 -10 26
-24 10 -20 14
-25 0 -24 10
-24 -3 -25 0
-26 -8 -24 -3
-32 -5 -26 -8
-31 1 -32 -5
-36 -2 -31 1
-41 -10 -36 -2
-50 -14 -41 -10
-55 -13 -50 -14
-51 -21 -55 -13
-44 -21 -51 -21
23 14 4 7
25 21 23 14
20 21 25 21
32 19 20 21
37 19 32 19
46 24 37 19
44 26 46 24
39 -8 45 -24
38 -7 39 -8
41 -4 38 -7
43 -5 41 -4
30 1 20 -13
31 -2 30 1
37 1 31 -2
41 1 37 1
-29 21 -10 26
-34 21 -29 21
-38 23 -34 21
-41 28 -38 23
-42 27 -41 28
-45 32 -42 27
-43 20 -45 32
-38 13 -43 20
-34 12 -38 13
-34 14 -34 12
-32 12 -34 14
-50 18 -32 12
-53 12 -50 18
-12 -18 -6 2
-8 -20 -12 -18
-10 -29 -8 -20
62 -2 41 1
61 -10 62 -2
27 50 -1 47
37 40 27 50
37 35 37 40
34 33 37 35
34 26 34 33
-5 -32 20 -13
-13 -34 -5 -32
-15 -28 -13 -34
-20 -21 -15 -28
-27 -19 -20 -21
-27 -24 -27 -19
-28 -29 -27 -24
-33 -30 -28 -29
-33 -31 -33 -30
-34 -34 -33 -31
-43 -34 -34 -34
-44 -30 -43 -34
-45 -20 -44 -30
-4 -41 20 -13
-12 -39 -4 -41
-17 -38 -12 -39
-23 -41 -17 -38
-23 -40 -23 -41
-23 -36 -23 -40
-28 -48 -23 -36
-12 -44 -28 -48
-3 -51 -12 -44
-52 10 -10 26
-52 1 -52 10
-7 42 -12 33
-15 -28 -17 -38
-18 49 -7 42
-2 -9 8 -18
37 1 17 10
17 10 -4 17
-12 33 -4 17
-2 -9 -15 -28
-38 23 -12 33
8 -18 32 -25
17 10 8 -18
-2 -9 -25 0
-23 -36 -27 -24
-32 -5 -27 -24
-2 -5 4 7
28 -33 14 -24
-45 32 -21 23
6 32 4 7
14 -24 -2 -5
-21 23 -32 -5
27 50 6 32
-21 23 6 32
28 -33 61 -10
20 21 21 31
34 33 21 31
-33 -31 -41 -10
-34 12 -41 -10
-29 34 -34 12
7 -30 -3 -51
-9 -1 -41 -10
-9 -1 7 -30
7 -30 45 -24
-9 -1 20 21
-51 -21 -44 -30
30 40 46 24
13 -38 -8 -20
41 -4 46 24
-29 40 -50 18
-8 -20 -44 -30
-51 -21 -50 18
41 -4 13 -38
